9 0 1 10 
2 1 11 -2 
4 10 -8 -4 
11 0 14 4 
-4 5 15 2 
3 -4 0 4 
15 0 -7 19 
15 4 2 3 
4 -4 4 11 
4 8 14 9 
6 21 -3 8 
-1 -1 12 2 
0 -1 -5 5 
1 0 6 5 
-1 3 -5 -8 
-3 6 6 11 
13 0 2 -7 
19 0 -4 4 
-1 -2 -6 6 
-8 0 8 24 
-1 5 10 -9 
5 9 1 9 
3 1 4 3 
16 5 -11 7 
4 0 4 4 
0 11 -1 5 
3 7 10 8 
-6 1 6 -2 
-2 19 15 2 
-9 -1 14 3 
-6 12 7 -9 
0 -7 10 8 
-7 1 7 -10 
2 -4 -2 -4 
-12 5 15 11 
10 -2 2 -6 
13 0 6 6 
-5 -4 0 5 
2 3 -1 2 
5 9 10 -14 
2 4 -5 3 
-5 12 9 5 
4 2 6 5 
12 12 4 3 
1 8 18 7 
-4 0 0 2 
1 20 -4 4 
14 6 5 5 
8 2 18 -1 
7 7 -4 -2 
4 2 5 9 
11 12 -2 10 
-3 -2 -3 0 
7 3 -7 0 
-5 12 -2 -4 
-1 8 8 4 
6 1 4 2 
-2 7 2 6 
2 9 -6 4 
12 11 10 10 
9 -4 9 9 
4 5 11 9 
-1 7 11 8 
14 2 0 -5 
6 9 -3 9 
-5 -11 3 7 
9 5 2 -10 
-1 7 3 2 
2 8 -8 5 
-5 11 1 4 
-6 -2 8 9 
11 -3 16 12 
-5 12 20 10 
14 -1 -2 -3 
-1 4 -3 4 
4 0 -5 -1 
0 2 -1 -4 
3 -4 -3 4 
2 8 -2 1 
0 -3 3 6 
1 4 -2 0 
-1 -5 0 0 
-8 10 -2 6 
-7 17 -2 -6 
14 -4 4 7 
10 4 -4 5 
19 -7 13 5 
-4 1 -13 3 
5 19 -1 20 
9 6 -1 5 
-1 4 7 7 
0 21 9 3 
4 5 -8 19 
-4 -7 4 0 
-2 0 1 -4 
1 -2 6 4 
5 0 -1 0 
-3 13 7 -5 
12 -6 7 -2 
6 16 -5 10 
9 3 -11 10 
5 7 9 6 
1 30 5 11 
6 1 -4 1 
8 12 -3 7 
8 23 -2 6 
-1 10 0 8 
4 3 4 -5 
12 5 1 9 
17 -5 4 -10 
-5 0 1 18 
-9 2 12 3 
4 21 -2 -5 
-3 11 1 6 
5 8 -4 11 
12 19 -10 13 
-1 -7 -4 5 
-1 2 3 10 
5 1 5 15 
4 2 24 -11 
17 12 -9 12 
-7 5 -10 14 
1 4 5 6 
11 5 -1 4 
1 11 0 3 
-1 8 2 7 
3 3 8 5 
1 7 -3 3 
-3 9 2 11 
-3 5 -4 7 
15 9 1 14 
5 -1 3 0 
5 0 14 7 
8 10 6 -5 
-1 11 8 2 
3 -1 12 13 
-3 5 -3 -5 
-4 15 2 2 
3 16 14 5 
-5 8 1 17 
6 15 -3 25 
8 7 1 5 
11 -1 13 7 
5 7 4 6 
5 1 2 15 
4 18 4 13 
5 0 8 4 
3 4 9 -3 
10 8 -4 7 
5 23 -1 12 
6 12 -4 1 
-7 5 3 14 
6 13 7 0 
9 11 5 16 
1 3 10 20 
16 14 -4 -4 
2 2 4 7 
7 1 -2 7 
12 7 0 3 
-3 2 -8 17 
-7 10 8 9 
1 9 4 2 
7 4 6 8 
-5 2 2 12 
8 1 7 -2 
2 16 8 21 
0 2 7 7 
16 19 9 17 
-4 12 7 4 
-3 15 -8 7 
2 -6 9 21 
14 5 6 2 
5 -2 12 1 
14 -4 -3 8 
-2 4 16 12 
-2 8 6 3 
12 6 12 12 
7 13 0 29 
6 25 -6 25 
5 6 1 15 
11 12 0 0 
2 6 6 -1 
2 6 10 13 
13 18 12 1 
-1 2 1 8 
-1 17 0 23 
17 20 -7 32 
-1 13 -1 10 
1 7 8 14 
-4 4 0 21 
3 5 2 7 
9 13 -1 6 
8 1 6 15 
4 6 13 22 
6 24 7 15 
6 20 -3 1 
12 2 8 14 
20 -5 9 12 
1 1 1 6 
20 0 6 5 
0 4 -1 21 
1 12 19 19 
-2 8 9 7 
2 12 6 2 
24 14 0 47 
15 13 -4 19 
12 8 12 9 
4 6 2 8 
9 24 3 3 
3 13 0 13 
10 4 2 16 
1 12 15 14 
10 11 16 0 
12 1 10 22 
2 8 6 4 
-1 14 8 18 
3 13 -3 3 
8 17 2 11 
16 16 6 1 
5 14 -9 12 
-3 11 12 11 
2 26 12 22 
11 0 7 7 
7 7 20 11 
14 13 -3 9 
14 12 2 4 
37 -6 -2 12 
11 11 9 17 
19 17 9 7 
8 19 9 3 
-2 8 -2 13 
14 19 8 19 
16 16 0 3 
0 22 1 -1 
6 10 11 8 
3 5 17 4 
12 12 21 5 
12 6 10 -1 
4 -4 6 16 
15 11 6 17 
6 12 4 8 
-2 25 10 29 
7 4 13 16 
15 10 17 9 
3 28 11 18 
6 7 9 -2 
13 31 14 6 
-1 6 34 10 
5 24 11 7 
10 6 13 12 
15 18 15 12 
4 18 3 11 
6 8 13 12 
10 4 13 8 
-2 8 24 28 
17 16 3 6 
11 14 -4 1 
0 10 4 9 
19 9 1 10 
7 21 26 33 
17 25 -7 22 
24 5 23 16 
-5 10 5 12 
1 16 21 7 
1 13 18 45 
17 9 18 10 
5 11 12 19 
13 4 9 28 
7 15 -1 19 
-5 13 19 22 
-5 11 4 8 
16 17 0 6 
16 1 15 10 
9 3 2 22 
20 6 14 8 
7 -1 13 -3 
3 8 23 13 
11 11 7 10 
28 19 36 27 
8 18 7 24 
25 16 10 6 
5 1 15 6 
31 25 7 12 
18 10 1 6 
28 1 8 5 
19 24 9 6 
5 20 6 26 
4 -2 31 11 
2 14 10 10 
9 14 10 11 
22 -2 17 9 
26 11 4 11 
14 17 -3 8 
15 9 13 17 
15 12 3 9 
8 12 16 0 
13 15 8 18 
17 8 -1 7 
17 9 17 18 
25 7 11 23 
5 5 10 6 
9 26 13 22 
16 20 8 24 
24 7 19 21 
16 23 14 19 
21 27 13 11 
0 6 8 24 
5 6 2 10 
21 26 20 7 
16 42 9 5 
8 18 25 10 
7 31 24 8 
12 6 12 -1 
13 17 10 6 
28 13 6 10 
26 8 2 21 
18 17 15 2 
1 14 15 17 
8 -6 0 32 
18 -2 22 16 
2 25 19 4 
8 16 14 5 
10 18 20 26 
22 25 10 15 
14 18 24 22 
11 16 17 -3 
22 21 10 7 
16 12 8 11 
7 21 13 23 
12 8 -3 9 
21 15 6 26 
19 -1 10 18 
20 26 1 19 
3 23 43 26 
-1 12 22 18 
9 21 14 18 
10 18 0 42 
18 8 2 7 
9 4 13 29 
13 20 23 -4 
23 22 22 29 
3 20 -1 16 
16 27 19 32 
14 23 22 4 
9 2 0 10 
23 34 0 28 
22 26 25 29 
-3 24 27 15 
57 13 10 17 
15 4 9 21 
17 19 34 3 
24 9 5 20 
6 31 18 21 
3 18 22 16 
0 12 17 2 
19 22 8 22 
29 20 26 -1 
17 1 14 25 
23 33 6 25 
30 19 8 3 
6 28 34 12 
23 18 52 28 
3 22 27 1 
0 27 12 24 
17 12 8 5 
29 4 16 17 
4 17 17 15 
17 8 5 23 
10 12 18 17 
9 25 24 29 
-1 9 20 24 
8 29 16 31 
5 21 16 27 
22 21 12 20 
11 21 8 26 
18 8 1 23 
19 28 31 14 
13 28 15 14 
5 24 23 27 
4 26 16 -3 
18 19 5 13 
19 29 4 23 
17 23 18 24 
11 13 24 5 
17 24 5 20 
17 3 0 17 
31 12 11 12 
26 21 18 23 
15 3 23 31 
16 6 20 31 
13 4 -1 20 
31 78 3 21 
13 2 26 28 
14 24 20 48 
25 14 24 27 
34 22 14 13 
21 36 32 17 
10 14 26 10 
12 22 13 15 
26 12 15 24 
6 16 19 20 
30 19 11 2 
17 9 27 34 
25 26 16 22 
15 16 19 14 
28 27 10 12 
6 12 3 18 
9 27 9 18 
22 33 11 3 
21 33 26 11 
24 6 12 20 
26 -2 28 21 
34 7 19 32 
7 15 14 33 
11 18 17 25 
10 22 32 14 
14 10 14 22 
19 20 27 8 
21 16 16 30 
22 5 14 22 
31 23 18 18 
29 30 4 9 
22 30 13 25 
11 22 25 18 
21 26 12 37 
14 25 3 20 
39 33 21 17 
29 29 13 15 
12 31 2 14 
33 30 9 45 
32 21 30 28 
39 23 13 6 
5 11 34 23 
23 14 24 4 
20 20 18 17 
13 21 23 17 
32 33 30 31 
15 51 23 37 
20 31 17 32 
16 20 20 15 
22 15 6 25 
15 17 19 43 
10 18 22 16 
8 25 20 7 
2 18 20 33 
14 22 27 16 
22 23 28 23 
35 27 8 15 
10 23 32 28 
28 12 16 27 
6 15 29 16 
24 17 24 9 
29 11 9 17 
38 12 35 11 
13 11 22 21 
8 2 27 35 
41 43 19 18 
7 37 12 42 
28 40 25 26 
39 4 6 34 
12 21 23 13 
14 3 19 21 
12 24 23 39 
17 12 16 19 
35 15 5 33 
27 40 2 28 
7 34 23 36 
22 21 26 29 
26 10 16 18 
17 18 21 12 
24 33 10 32 
16 26 18 14 
30 33 22 15 
24 29 38 17 
12 23 4 7 
11 41 21 15 
26 9 26 59 
12 46 2 25 
25 11 7 33 
12 41 19 38 
11 10 23 21 
17 23 19 35 
37 27 6 21 
26 30 31 10 
20 25 75 23 
14 6 34 16 
12 22 23 32 
21 23 20 26 
22 19 38 10 
19 42 -6 10 
43 15 19 37 
31 23 10 16 
8 35 13 19 
44 31 28 53 
36 18 21 37 
21 32 26 17 
38 17 10 24 
11 30 18 42 
9 14 20 13 
30 27 10 27 
50 19 8 41 
25 15 32 17 
14 27 25 25 
26 45 23 34 
17 16 34 40 
22 27 40 12 
46 12 34 3 
2 43 36 25 
10 23 25 33 
21 14 50 31 
11 20 12 23 
19 19 35 32 
32 26 4 39 
4 46 32 36 
17 33 10 34 
43 10 27 47 
16 10 21 25 
20 11 17 26 
16 41 28 4 
33 27 8 14 
7 18 15 44 
22 17 33 25 
25 24 22 14 
10 22 28 22 
26 16 79 6 
-5 43 38 22 
39 11 39 13 
36 25 18 39 
22 38 19 5 
41 20 10 44 
11 32 40 20 
24 33 37 17 
39 10 27 38 
25 33 20 44 
37 45 0 37 
11 24 32 21 
30 21 30 6 
24 60 29 41 
22 32 3 34 
41 11 24 35 
17 39 50 34 
43 29 42 17 
43 26 17 25 
39 41 31 29 
29 35 12 21 
34 16 38 25 
12 29 20 36 
13 36 2 27 
20 43 24 37 
16 22 21 27 
-1 37 30 28 
18 34 30 14 
29 16 43 75 
6 42 26 46 
7 29 35 33 
8 37 48 30 
14 20 10 25 
15 24 26 18 
34 42 28 24 
50 31 13 35 
26 23 8 32 
19 33 37 40 
16 37 22 37 
8 33 30 27 
47 33 11 38 
8 33 15 38 
18 45 29 40 
20 27 31 50 
18 36 29 23 
35 43 36 39 
31 17 25 46 
16 26 19 39 
13 38 27 26 
30 28 25 38 
50 21 18 39 
16 23 19 28 
30 26 19 38 
17 23 21 29 
47 8 22 40 
40 29 44 43 
38 53 22 19 
18 20 3 20 
33 13 12 38 
20 25 29 34 
43 24 27 39 
14 22 17 34 
30 28 9 37 
45 34 23 11 
32 14 41 19 
15 26 19 31 
37 27 23 32 
15 35 22 28 
33 36 14 35 
28 31 15 16 
27 32 29 16 
13 66 36 35 
32 86 15 47 
47 14 16 44 
31 11 20 29 
26 20 22 32 
29 24 35 39 
1 28 27 15 
17 50 20 15 
4 63 19 33 
25 34 33 28 
14 50 19 34 
36 40 15 29 
27 26 38 33 
26 48 6 35 
25 46 18 29 
41 29 50 41 
34 32 28 39 
18 22 22 53 
54 33 39 24 
26 35 13 25 
19 29 39 41 
8 49 36 16 
29 44 50 50 
10 19 57 28 
18 22 44 45 
28 31 29 43 
23 27 34 34 
32 26 20 29 
28 40 16 47 
38 18 23 30 
25 31 27 37 
24 34 27 21 
16 32 17 14 
32 54 11 40 
23 46 21 54 
25 37 26 46 
22 47 15 48 
62 23 36 51 
5 60 61 27 
58 28 16 22 
26 29 25 33 
32 24 39 37 
24 42 24 29 
19 47 13 46 
29 21 21 41 
11 52 57 38 
21 28 9 35 
37 38 52 41 
22 48 30 56 
12 44 21 40 
35 18 40 42 
27 51 23 46 
45 34 26 42 
30 23 13 40 
14 31 31 45 
20 55 23 38 
27 46 23 37 
27 40 38 32 
30 25 53 53 
19 42 55 30 
22 48 37 49 
35 43 31 33 
45 45 12 18 
26 22 37 40 
20 32 27 27 
47 37 31 34 
19 48 35 15 
32 36 27 19 
6 30 27 43 
22 37 25 20 
40 44 37 27 
31 47 22 28 
26 16 48 20 
9 30 47 52 
37 33 24 16 
51 28 26 49 
43 45 29 26 
24 37 23 45 
31 23 32 26 
39 31 50 23 
17 46 17 60 
44 65 25 27 
20 80 39 27 
35 39 45 22 
31 34 27 51 
29 50 35 45 
53 20 39 38 
20 47 52 21 
37 48 31 21 
49 34 59 43 
47 31 25 41 
23 43 32 37 
25 24 47 29 
36 54 19 51 
25 43 15 52 
45 36 17 26 
37 15 37 42 
42 23 28 34 
71 55 22 25 
36 22 39 54 
21 31 21 43 
23 51 35 42 
14 36 22 56 
47 37 33 52 
40 48 31 23 
33 37 45 30 
34 15 29 50 
17 29 28 21 
20 42 34 54 
44 29 17 38 
17 29 43 47 
33 40 33 34 
19 47 15 34 
39 47 39 32 
28 54 26 35 
24 41 36 33 
13 61 38 46 
34 44 33 56 
26 38 20 43 
51 23 28 56 
32 12 24 40 
40 47 35 53 
25 34 23 60 
46 43 30 44 
35 47 63 2 
14 30 45 67 
49 31 25 56 
45 16 43 42 
22 35 39 39 
24 35 53 53 
32 36 29 53 
29 30 27 47 
38 62 36 49 
31 36 46 24 
21 15 54 52 
42 68 39 6 
29 42 9 33 
13 38 41 46 
30 43 28 39 
39 43 24 32 
36 48 55 49 
31 59 22 69 
32 24 38 36 
39 24 48 39 
31 51 23 38 
13 42 22 43 
34 41 29 63 
29 43 55 52 
33 27 50 48 
37 25 22 54 
20 58 41 25 
33 38 30 33 
32 16 23 51 
35 47 33 32 
28 46 12 42 
53 33 7 36 
29 62 48 42 
41 37 39 32 
44 33 24 20 
34 44 61 39 
13 49 47 49 
31 50 46 68 
40 55 30 38 
29 66 40 48 
19 51 51 40 
22 42 60 28 
26 49 42 41 
38 53 67 52 
45 44 79 16 
39 47 48 26 
19 51 25 57 
37 68 32 47 
47 39 36 54 
32 33 43 21 
39 60 33 30 
47 23 37 54 
48 14 76 20 
57 30 49 35 
37 51 37 55 
24 71 45 17 
9 44 59 32 
26 16 35 60 
26 68 48 16 
33 43 47 57 
30 61 45 39 
44 52 46 63 
55 33 47 20 
43 48 55 49 
54 32 19 63 
30 47 26 50 
29 63 59 46 
41 36 15 38 
43 138 19 47 
25 42 46 70 
41 49 37 54 
23 31 33 44 
40 83 69 42 
62 61 51 20 
49 40 25 23 
39 56 45 24 
38 57 47 60 
40 27 55 34 
36 45 43 43 
20 56 26 53 
28 44 40 55 
64 37 67 49 
62 84 60 54 
57 80 54 60 
18 56 57 29 
47 89 70 51 
27 41 47 38 
59 35 57 60 
31 43 47 27 
58 24 21 25 
50 46 23 49 
45 51 40 58 
33 40 41 29 
48 39 48 39 
40 54 46 30 
42 61 21 57 
86 81 17 39 
22 32 45 36 
43 26 51 50 
60 40 46 26 
43 59 67 41 
28 51 48 53 
26 29 36 42 
32 48 41 76 
21 54 30 44 
49 48 46 21 
46 24 39 52 
43 33 80 59 
21 55 36 27 
40 40 41 44 
55 75 73 30 
38 70 21 88 
65 40 34 29 
60 42 23 53 
20 45 48 50 
23 39 53 41 
46 58 37 53 
40 55 31 66 
29 65 36 60 
13 56 75 11 
31 40 21 78 
44 30 47 37 
18 53 33 66 
42 30 47 42 
66 33 50 47 
47 45 61 40 
45 42 46 74 
54 23 41 58 
49 30 31 51 
46 38 34 34 
65 34 23 42 
24 53 50 41 
39 42 48 34 
26 40 56 45 
40 26 62 43 
42 35 61 55 
39 60 26 51 
34 71 59 32 
48 61 45 43 
45 57 24 44 
22 41 8 51 
47 45 53 53 
50 63 57 51 
49 24 39 51 
37 62 58 82 
45 46 42 54 
73 31 23 54 
26 66 75 46 
59 60 11 45 
48 38 38 33 
63 53 86 49 
38 46 34 44 
44 59 38 53 
39 35 25 57 
90 57 37 60 
12 53 48 46 
48 50 29 44 
16 34 46 55 
39 61 111 42 
38 49 54 55 
42 58 40 43 
52 35 49 11 
37 37 54 47 
40 73 71 56 
66 75 55 25 
51 65 60 99 
63 42 47 62 
48 23 43 66 
26 42 42 86 
53 62 57 27 
34 61 37 55 
53 41 53 58 
32 62 37 57 
37 42 59 57 
43 48 26 26 
47 35 14 59 
35 48 44 42 
25 46 45 56 
44 36 34 54 
42 54 29 68 
27 80 52 44 
54 44 58 43 
42 67 34 49 
68 56 82 28 
46 67 74 45 
69 42 31 53 
66 42 37 73 
55 58 66 75 
35 59 53 44 
56 55 36 163 
45 63 64 37 
62 57 41 34 
55 46 60 67 
37 37 42 59 
46 50 58 59 
59 54 51 55 
37 55 80 52 
51 36 58 52 
43 59 15 39 
59 49 62 46 
40 68 72 30 
47 142 53 47 
62 52 81 62 
69 75 46 53 
42 43 58 60 
35 53 49 44 
43 64 46 54 
54 40 41 47 
78 64 25 68 
33 59 71 79 
57 44 50 55 
35 50 64 71 
58 42 38 47 
35 60 38 51 
31 47 67 56 
95 45 66 62 
64 21 43 57 
44 53 54 39 
42 80 32 52 
9 56 56 61 
57 39 52 50 
48 38 56 65 
49 53 31 61 
119 45 97 37 
60 70 45 53 
33 67 60 60 
58 53 62 35 
50 61 50 40 
87 58 26 52 
44 51 87 64 
44 32 31 61 
45 66 28 68 
34 67 76 30 
27 48 31 39 
90 33 59 71 
63 59 15 63 
31 54 68 34 
42 48 53 41 
18 39 65 60 
58 43 61 40 
30 55 60 58 
32 57 61 46 
48 29 61 46 
22 41 50 55 
44 52 80 77 
40 66 59 51 
37 48 33 55 
47 71 72 32 
40 56 50 49 
51 48 52 60 
61 69 41 37 
63 100 31 96 
65 13 70 58 
75 44 45 44 
40 43 33 60 
32 58 68 45 
42 87 62 63 
30 48 53 78 
80 53 46 57 
47 47 29 50 
43 61 41 89 
43 55 69 78 
35 55 50 46 
79 40 41 73 
43 64 62 71 
35 41 33 48 
56 41 31 63 
64 48 65 72 
77 47 58 97 
46 37 52 55 
32 27 38 56 
50 67 64 62 
52 59 53 75 
57 67 49 67 
62 75 79 73 
49 64 61 52 
77 66 33 88 
59 65 26 71 
53 36 46 60 
7 89 50 66 
50 70 33 51 
27 42 59 61 
57 25 53 67 
78 46 38 62 
72 46 53 62 
66 72 62 63 
61 55 90 59 
64 72 59 50 
56 49 55 62 
59 87 53 73 
59 49 59 47 
27 61 58 52 
28 68 66 55 
102 63 84 66 
74 68 53 55 
72 76 46 59 
47 83 32 82 
84 53 55 42 
68 57 34 58 
66 91 44 59 
25 59 41 57 
43 64 73 59 
80 65 65 57 
51 57 49 49 
59 83 56 66 
21 65 43 76 
15 60 61 67 
66 47 57 73 
70 61 40 54 
64 34 57 47 
62 74 40 81 
21 61 79 67 
73 61 40 78 
96 71 53 108 
76 55 45 67 
77 68 66 100 
47 89 56 107 
60 54 43 45 
50 66 41 82 
81 96 68 46 
44 48 68 62 
37 65 24 66 
54 76 44 65 
60 42 63 87 
71 62 29 49 
42 65 66 90 
21 41 64 51 
30 61 28 66 
60 101 48 77 
66 64 33 69 
46 84 57 69 
35 90 53 83 
51 60 33 58 
90 58 38 70 
29 237 59 55 
79 82 50 88 
54 68 61 67 
45 56 72 68 
50 67 43 54 
75 85 86 63 
57 60 42 58 
130 85 59 61 
53 80 81 81 
70 55 78 49 
84 89 70 36 
66 65 53 50 
65 58 38 58 
58 67 65 54 
31 42 87 76 
52 57 54 70 
69 43 68 34 
26 55 54 44 
58 76 110 72 
50 71 64 114 
37 49 86 69 
53 49 28 59 
65 39 65 67 
52 62 36 166 
72 41 73 89 
49 68 42 256 
47 84 65 55 
66 92 106 71 
97 120 79 45 
87 57 78 76 
52 84 40 85 
84 54 66 76 
166 46 18 73 
78 66 71 85 
97 51 27 75 
71 85 44 88 
48 58 100 84 
81 76 35 165 
83 63 50 56 
53 44 42 56 
281 56 66 58 
64 68 54 131 
64 81 32 64 
35 57 51 146 
69 74 119 57 
89 89 55 76 
126 66 48 76 
41 81 88 46 
55 88 76 41 
51 103 94 251 
79 78 35 44 
82 66 62 66 
94 97 56 80 
57 86 93 87 
65 88 41 70 
62 53 77 89 
56 65 67 59 
60 49 66 77 
94 73 41 81 
77 58 56 69 
32 74 60 76 
38 77 65 73 
74 60 48 67 
73 31 75 78 
334 82 38 100 
73 54 48 85 
318 78 69 46 
519 66 32 61 
45 65 59 518 
599 64 50 76 
50 67 72 52 
39 67 80 73 
80 67 90 89 
60 63 47 63 
83 74 56 103 
70 76 57 45 
103 77 26 71 
79 71 47 73 
63 82 54 68 
257 64 37 46 
54 58 52 62 
338 63 35 44 
52 74 58 47 
69 54 87 54 
38 185 59 84 
24 102 37 65 
164 83 66 35 
44 73 74 67 
61 77 64 59 
54 60 37 75 
100 53 82 86 
181 31 41 52 
59 52 27 67 
73 70 39 76 
69 80 77 66 
19 95 141 104 
65 87 70 616 
47 83 60 61 
44 56 54 42 
76 56 63 28 
50 66 46 59 
50 47 64 86 
40 72 40 99 
44 72 71 53 
51 94 47 88 
82 65 25 68 
60 65 13 70 
61 63 49 51 
54 47 129 68 
72 32 83 48 
96 87 38 57 
60 57 70 62 
82 76 49 78 
39 62 82 70 
67 93 37 66 
63 64 47 56 
80 82 26 83 
86 52 37 74 
42 58 73 63 
56 62 72 59 
27 75 50 78 
57 72 90 93 
55 117 110 76 
114 124 97 56 
71 65 45 67 
58 54 66 45 
47 44 61 62 
60 73 74 99 
76 35 55 82 
64 47 44 57 
37 77 57 53 
53 96 59 794 
52 87 49 61 
87 46 80 96 
80 82 82 79 
46 81 48 125 
50 65 58 74 
54 56 57 60 
97 74 28 41 
115 63 34 91 
76 75 57 74 
75 76 79 42 
34 66 82 77 
73 78 48 65 
37 87 80 829 
74 75 78 68 
61 78 43 77 
64 60 144 81 
37 95 73 62 
77 85 79 68 
62 77 68 83 
753 48 69 67 
60 108 46 55 
66 65 47 61 
101 70 49 57 
863 67 43 61 
94 41 49 75 
46 79 60 38 
74 147 92 65 
78 26 104 45 
73 84 80 90 
73 62 61 75 
35 95 78 77 
49 68 41 65 
64 94 87 99 
45 71 60 624 
86 60 38 92 
59 49 61 83 
48 50 126 103 
51 43 30 58 
62 92 69 87 
60 143 48 57 
74 56 42 83 
83 50 53 122 
70 81 70 406 
86 88 26 74 
64 68 69 132 
115 72 55 32 
119 96 119 36 
55 64 60 52 
69 75 65 51 
79 76 87 45 
69 118 72 223 
35 89 40 79 
63 74 126 118 
77 61 75 100 
27 72 59 106 
84 64 55 101 
49 63 59 59 
52 75 65 54 
36 55 91 108 
85 57 82 67 
327 80 71 74 
81 37 51 70 
216 59 60 87 
52 76 82 76 
88 50 75 89 
74 89 56 39 
90 76 99 63 
65 85 80 140 
93 45 60 69 
56 60 48 44 
42 60 65 60 
62 57 89 73 
45 66 42 67 
59 72 49 74 
69 45 68 55 
28 62 52 85 
71 83 85 64 
83 123 82 98 
59 55 38 70 
64 40 42 53 
59 63 52 61 
73 154 49 55 
94 73 96 71 
45 72 57 55 
56 36 58 75 
79 60 66 67 
39 61 48 488 
61 83 60 77 
43 78 64 59 
64 80 48 82 
47 81 38 63 
79 83 59 131 
53 120 34 89 
51 79 48 66 
105 51 88 93 
68 71 80 94 
49 71 56 73 
69 140 22 147 
43 61 60 41 
63 70 53 80 
353 109 19 104 
54 76 49 66 
52 75 59 94 
24 85 96 684 
66 60 38 67 
29 73 49 65 
61 97 47 74 
61 71 65 40 
67 80 50 33 
76 72 69 43 
71 55 101 66 
76 65 46 75 
86 75 51 53 
73 68 38 95 
324 135 77 69 
64 74 42 66 
66 70 64 21 
61 88 63 94 
53 64 95 95 
51 68 66 55 
59 50 67 889 
56 82 94 100 
53 82 56 57 
57 64 56 57 
67 95 61 69 
63 65 48 69 
53 57 44 56 
58 106 51 71 
64 73 90 69 
58 43 84 82 
81 73 85 68 
37 80 25 100 
59 74 75 97 
320 73 123 69 
61 108 58 96 
61 66 59 63 
54 105 72 76 
78 96 50 63 
61 77 43 77 
293 122 84 77 
65 76 48 108 
72 78 83 58 
40 76 54 73 
275 73 123 52 
70 80 58 77 
86 48 94 95 
51 99 37 89 
73 75 42 38 
60 38 97 89 
81 105 48 84 
50 58 35 69 
22 82 76 68 
80 68 100 61 
408 73 58 49 
73 73 42 57 
75 137 75 50 
47 79 79 65 
81 67 91 44 
33 65 74 64 
116 68 82 42 
66 87 90 79 
92 66 53 103 
53 104 101 49 
34 54 24 64 
69 82 105 76 
78 87 50 79 
79 74 77 60 
46 110 79 66 
54 73 64 50 
51 84 54 103 
49 74 73 42 
93 57 84 75 
124 60 42 95 
66 54 77 70 
397 56 51 73 
86 61 19 73 
97 58 81 82 
111 72 47 115 
43 70 66 57 
81 65 67 72 
93 72 137 95 
828 83 68 284 
96 61 88 79 
110 85 75 99 
49 75 124 72 
71 67 45 86 
92 75 79 73 
73 64 55 58 
79 84 86 66 
65 69 58 53 
36 50 56 857 
104 78 61 76 
62 90 106 83 
86 53 61 76 
74 78 45 77 
63 81 77 929 
50 34 54 55 
45 105 87 63 
65 79 106 36 
83 90 42 69 
67 85 84 79 
55 68 45 74 
81 75 45 57 
51 59 121 42 
74 92 51 73 
40 86 68 152 
31 91 61 74 
40 103 59 86 
47 94 40 112 
71 63 89 72 
44 32 93 61 
35 64 84 45 
59 74 24 44 
64 66 125 69 
90 99 56 63 
62 70 63 62 
41 77 45 62 
50 100 74 76 
76 83 51 73 
59 60 89 91 
56 94 64 78 
62 84 59 85 
93 55 89 68 
72 83 55 88 
90 96 27 84 
64 87 42 77 
87 56 63 100 
51 102 71 83 
80 87 75 41 
84 83 112 121 
66 63 41 67 
65 83 54 85 
100 58 68 95 
61 63 61 81 
70 63 62 57 
79 87 78 65 
103 54 113 59 
107 58 133 52 
74 59 77 75 
83 48 78 68 
56 67 82 53 
73 85 97 88 
56 98 64 72 
113 83 49 97 
47 80 52 66 
125 71 115 60 
22 89 74 87 
41 78 61 61 
84 66 76 205 
59 73 93 98 
95 50 61 95 
62 76 73 54 
46 101 32 96 
110 75 84 110 
96 67 64 93 
82 129 39 76 
59 55 47 68 
74 145 53 76 
64 55 79 102 
40 71 68 63 
67 39 76 59 
96 80 48 99 
84 110 70 74 
47 66 71 59 
60 88 80 84 
36 74 101 94 
81 82 108 88 
43 89 95 252 
97 60 20 114 
54 87 51 132 
66 88 61 97 
55 52 44 53 
67 65 34 59 
84 49 74 92 
101 85 102 98 
97 80 69 99 
70 71 47 63 
92 89 92 85 
301 71 65 172 
47 110 112 92 
75 73 59 68 
74 78 54 76 
85 95 86 137 
62 100 127 109 
59 113 66 104 
79 47 110 101 
19 50 71 95 
53 107 125 236 
71 112 55 61 
69 64 66 61 
56 63 42 569 
95 79 52 90 
80 82 67 75 
84 80 78 78 
38 90 59 103 
90 99 130 82 
69 134 93 69 
107 85 61 92 
79 54 67 53 
74 29 55 80 
93 89 87 62 
118 67 63 90 
85 67 50 64 
67 83 63 91 
67 56 82 88 
296 50 77 72 
75 63 73 68 
57 147 40 87 
87 101 53 55 
97 247 83 115 
76 86 65 52 
80 53 85 40 
53 101 54 91 
37 74 59 70 
62 75 146 81 
51 80 67 55 
83 103 65 87 
76 78 65 84 
69 101 85 133 
104 64 105 44 
97 106 117 105 
109 43 98 62 
63 59 93 127 
73 74 78 86 
163 89 87 75 
81 62 44 92 
52 73 73 163 
66 102 73 68 
100 58 70 88 
97 68 55 132 
94 73 82 53 
98 68 56 76 
101 98 36 100 
61 58 60 79 
53 84 81 56 
46 91 47 79 
64 63 106 113 
79 61 74 79 
75 77 42 89 
57 75 58 62 
48 101 101 71 
87 53 44 67 
60 100 65 60 
37 113 85 110 
27 73 81 67 
151 92 81 51 
84 38 63 80 
110 78 68 173 
524 76 77 57 
599 62 42 75 
69 65 83 62 
77 91 72 95 
54 107 75 101 
85 87 81 86 
86 47 91 69 
73 64 47 83 
76 67 51 70 
52 56 51 66 
95 81 49 73 
83 112 57 89 
84 96 73 32 
54 65 91 71 
47 111 73 103 
73 51 61 72 
62 69 77 65 
61 96 102 90 
70 71 50 73 
67 57 88 87 
67 86 68 67 
66 75 83 92 
67 65 56 61 
563 72 96 79 
191 97 101 63 
71 89 85 90 
105 65 57 94 
72 81 75 50 
52 59 48 78 
36 89 62 60 
76 79 67 95 
70 59 86 75 
70 76 53 65 
85 78 47 74 
86 53 58 70 
87 94 60 75 
55 81 57 69 
73 66 103 112 
88 51 51 87 
76 41 67 73 
50 123 119 51 
64 72 60 62 
282 85 67 363 
29 98 69 79 
36 127 97 101 
108 95 79 100 
60 163 70 79 
83 81 82 61 
52 68 79 33 
54 96 72 91 
51 54 78 62 
53 71 81 58 
81 61 86 70 
52 93 65 1040 
84 75 106 92 
63 91 71 87 
56 73 36 67 
73 70 90 86 
79 51 76 94 
70 74 81 74 
82 70 76 769 
69 69 60 60 
66 99 86 86 
433 70 80 55 
77 112 83 117 
71 75 77 91 
67 75 92 89 
74 104 96 318 
91 87 40 72 
65 65 60 553 
73 74 57 88 
59 94 33 101 
94 66 93 124 
62 85 82 426 
75 85 86 86 
37 54 65 92 
85 63 82 63 
79 157 105 188 
34 83 83 62 
57 91 78 47 
108 89 50 90 
99 85 70 90 
68 68 81 90 
79 86 81 74 
69 212 93 76 
95 71 77 79 
86 75 91 70 
56 62 86 73 
67 49 72 72 
73 250 105 126 
72 47 64 60 
58 75 81 59 
56 55 113 75 
93 95 79 70 
91 93 79 57 
74 73 86 70 
65 100 91 62 
59 74 82 56 
84 66 55 74 
53 86 87 87 
50 87 129 95 
72 45 80 73 
186 86 68 84 
76 74 73 132 
106 69 72 120 
97 51 94 85 
110 64 100 107 
67 103 109 169 
69 89 111 49 
60 101 68 57 
61 91 82 48 
39 90 58 103 
70 78 59 81 
61 73 65 48 
78 106 50 55 
23 73 75 89 
54 85 57 79 
58 59 101 61 
57 61 41 76 
94 27 62 355 
75 81 58 283 
82 123 110 69 
50 49 89 81 
68 91 70 627 
58 59 90 55 
95 68 55 52 
52 222 57 76 
379 344 76 48 
87 89 64 76 
407 75 70 90 
63 289 73 71 
45 78 106 87 
50 97 36 76 
77 119 59 99 
69 64 70 96 
106 68 42 211 
346 80 54 80 
82 52 89 86 
67 79 62 95 
57 111 69 526 
48 72 66 60 
51 63 62 48 
34 58 76 47 
60 53 59 69 
64 64 136 87 
56 73 31 98 
64 46 71 56 
102 67 110 49 
97 49 77 75 
60 45 45 1325 
38 65 71 62 
59 81 71 73 
98 79 91 331 
55 73 77 76 
52 80 40 178 
79 70 65 101 
103 112 79 83 
46 124 80 93 
76 51 63 86 
268 73 95 65 
72 62 78 53 
104 67 71 113 
73 66 128 85 
46 119 86 62 
106 55 133 65 
65 130 252 88 
53 90 85 77 
44 120 102 54 
69 49 67 58 
72 71 76 63 
83 100 106 64 
66 92 47 76 
59 67 50 81 
70 36 59 69 
61 75 74 55 
95 70 192 73 
53 68 64 39 
72 72 73 72 
89 76 97 41 
70 42 67 82 
51 72 48 71 
37 70 32 66 
62 66 84 113 
90 56 74 57 
64 89 75 32 
54 124 111 70 
46 57 59 80 
65 61 66 77 
86 68 45 63 
68 38 53 47 
103 53 51 34 
47 49 55 65 
105 66 71 85 
83 74 76 140 
57 85 92 84 
69 55 57 59 
84 94 77 55 
96 48 63 83 
90 80 62 69 
75 57 92 51 
53 82 75 53 
55 72 75 50 
65 85 85 76 
62 69 30 400 
112 49 51 63 
86 67 51 37 
68 78 78 60 
127 51 80 67 
63 74 53 76 
76 88 97 55 
58 55 44 53 
59 74 60 73 
71 77 109 50 
70 79 87 74 
22 97 65 58 
75 55 65 73 
49 80 67 47 
92 46 93 69 
125 62 87 37 
149 77 66 59 
75 26 96 86 
76 88 59 73 
60 120 72 76 
114 73 143 73 
63 77 90 81 
42 77 90 77 
63 52 82 63 
80 63 63 73 
70 91 67 54 
80 32 67 51 
63 43 71 62 
67 76 42 68 
106 89 106 39 
287 78 64 47 
62 58 95 68 
68 109 74 96 
63 98 86 78 
171 101 66 107 
72 94 77 67 
65 63 65 62 
74 77 66 57 
81 75 69 45 
69 77 119 60 
53 48 67 76 
72 78 66 77 
107 69 80 51 
73 55 66 75 
71 61 45 64 
92 50 78 69 
51 50 57 58 
46 91 89 49 
66 61 350 177 
88 69 86 96 
54 59 70 43 
49 78 36 74 
836 68 43 67 
164 51 130 69 
64 97 65 50 
47 54 38 74 
66 47 65 40 
52 65 50 50 
78 67 96 57 
96 74 65 45 
71 85 70 79 
77 63 57 41 
35 41 50 53 
63 89 44 36 
54 56 59 82 
56 88 81 43 
69 38 62 52 
67 148 51 33 
82 53 90 55 
42 60 37 37 
47 97 73 74 
53 37 46 71 
78 70 20 47 
88 53 42 70 
107 38 90 55 
61 43 54 67 
52 67 58 30 
44 75 56 77 
64 27 68 55 
42 84 48 23 
68 50 62 50 
62 52 64 62 
66 47 72 51 
26 72 56 41 
41 28 71 62 
33 26 64 56 
40 65 67 44 
46 82 63 70 
69 57 32 48 
48 61 83 42 
21 50 76 53 
21 33 62 49 
70 29 82 61 
72 71 54 83 
70 34 82 55 
68 55 58 54 
79 64 44 18 
32 57 60 24 
43 52 58 19 
54 48 70 31 
64 35 34 44 
28 40 82 72 
59 74 67 60 
55 43 75 127 
91 46 73 71 
73 93 55 36 
50 59 43 60 
765 48 43 47 
69 23 39 44 
42 22 30 66 
67 27 49 47 
44 17 62 53 
34 31 65 78 
49 53 43 164 
49 28 55 23 
48 34 48 65 
118 37 18 48 
58 52 62 25 
49 64 36 28 
195 52 63 49 
62 57 89 53 
49 123 69 46 
52 47 48 14 
63 48 11 25 
65 38 60 29 
48 53 28 50 
53 26 43 27 
30 59 42 61 
65 55 37 52 
41 80 54 29 
69 61 51 64 
66 53 51 76 
45 48 45 58 
50 7 55 54 
89 50 76 37 
55 45 70 50 
66 24 62 69 
63 52 86 10 
71 43 85 28 
61 58 82 65 
69 28 82 51 
50 61 78 70 
55 63 19 48 
58 52 60 39 
67 28 67 32 
76 87 67 40 
49 100 80 81 
53 37 24 75 
40 50 75 35 
39 48 74 52 
42 64 92 50 
65 69 14 16 
28 60 78 28 
49 68 42 35 
500 31 38 41 
49 47 52 53 
62 49 26 73 
69 51 45 54 
64 69 43 54 
54 81 90 53 
67 86 49 44 
50 62 62 76 
80 83 65 52 
61 48 34 15 
65 46 43 50 
57 57 59 50 
53 38 27 33 
61 52 52 38 
58 30 38 86 
41 60 64 57 
71 106 46 71 
56 70 63 48 
75 65 55 49 
57 128 50 154 
117 25 51 223 
56 47 54 76 
59 64 83 60 
62 47 43 31 
66 76 71 62 
48 65 63 78 
72 44 52 56 
61 71 31 27 
90 96 45 245 
49 45 67 74 
84 73 47 82 
85 63 55 71 
222 100 53 62 
53 55 49 47 
73 25 70 52 
93 51 93 28 
71 69 66 65 
48 37 63 26 
330 49 34 44 
524 71 50 67 
78 41 56 37 
132 60 84 52 
44 70 52 70 
61 48 57 81 
71 57 39 83 
56 48 88 91 
75 49 54 59 
63 40 71 27 
52 42 31 58 
51 55 83 49 
70 67 53 35 
75 49 57 52 
62 46 38 48 
51 65 55 30 
45 75 70 48 
52 49 71 67 
46 161 55 49 
25 56 100 63 
51 71 89 73 
161 53 45 65 
68 78 65 54 
66 28 74 60 
60 51 93 71 
70 66 72 48 
76 54 66 76 
64 73 39 50 
58 37 70 34 
38 87 67 51 
130 59 65 45 
48 44 105 75 
53 38 82 49 
73 64 51 185 
82 88 51 83 
72 94 85 54 
72 55 70 33 
107 85 98 55 
37 74 81 116 
45 82 60 61 
77 80 73 44 
30 73 83 51 
61 119 80 79 
66 69 78 69 
81 93 42 90 
67 32 71 70 
83 74 78 66 
27 54 55 1045 
59 62 72 51 
72 66 50 152 
57 83 93 40 
69 49 74 81 
85 52 81 77 
75 70 109 55 
53 61 48 40 
66 53 32 47 
72 50 53 52 
43 67 44 27 
64 67 88 57 
46 67 46 72 
40 36 100 61 
50 87 61 81 
67 73 75 55 
310 46 67 44 
135 47 64 88 
79 56 75 36 
78 59 71 86 
27 67 59 60 
108 72 68 85 
63 75 52 60 
144 73 176 36 
40 114 51 92 
81 38 64 53 
70 55 21 88 
87 58 44 57 
61 66 87 75 
87 70 67 68 
65 60 59 62 
53 67 98 43 
324 58 64 84 
42 57 72 73 
66 52 64 84 
58 55 69 92 
59 73 47 69 
70 74 79 41 
55 56 78 69 
66 78 32 28 
24 71 43 73 
77 39 50 60 
44 82 88 60 
50 56 55 53 
60 61 72 41 
43 60 56 62 
82 71 65 64 
54 77 50 48 
54 44 81 78 
49 8 92 55 
66 111 31 84 
67 65 66 74 
49 74 51 50 
74 52 86 77 
66 77 66 64 
86 82 45 62 
61 99 70 91 
64 84 67 38 
25 80 59 70 
82 46 47 79 
57 73 52 76 
34 85 64 35 
63 64 67 68 
57 45 64 269 
48 55 35 191 
43 50 30 104 
69 122 61 43 
29 70 77 66 
78 57 82 45 
87 65 90 30 
39 42 62 63 
82 73 69 58 
38 144 58 133 
68 49 88 83 
41 48 41 54 
61 43 62 47 
48 69 119 69 
69 63 35 55 
42 94 94 1361 
67 46 35 60 
74 134 118 66 
56 72 57 57 
63 55 53 27 
52 50 78 83 
96 55 101 177 
60 87 52 90 
44 55 72 137 
87 91 63 47 
52 63 82 94 
63 66 64 61 
44 83 74 69 
70 57 127 178 
71 59 72 47 
64 78 56 69 
56 42 55 62 
54 81 64 72 
73 76 73 62 
69 49 32 34 
26 83 50 75 
74 41 109 91 
71 73 67 70 
68 69 71 60 
38 68 60 64 
54 40 26 58 
40 79 48 61 
38 87 46 54 
259 28 82 53 
206 65 73 164 
238 49 63 48 
55 65 68 21 
68 75 53 54 
65 72 52 45 
56 56 84 50 
33 65 104 70 
57 65 75 46 
60 94 53 65 
80 52 91 70 
70 81 36 51 
83 72 84 47 
55 82 49 81 
65 44 48 40 
33 55 60 90 
555 60 47 46 
104 66 92 31 
635 40 42 58 
72 46 81 80 
61 86 69 30 
66 48 32 77 
47 79 47 56 
125 49 66 68 
69 33 70 67 
68 45 38 60 
37 62 38 39 
47 46 72 78 
30 46 67 68 
106 120 55 87 
46 64 45 77 
53 68 48 56 
53 58 52 58 
34 77 76 337 
35 64 72 86 
54 94 59 78 
84 71 78 76 
63 82 60 121 
60 54 41 617 
76 46 61 68 
44 158 48 70 
80 70 93 72 
62 98 65 82 
41 65 55 70 
151 108 58 90 
24 50 85 99 
65 68 70 70 
30 88 178 53 
76 67 65 31 
67 81 52 59 
73 58 70 26 
223 40 53 58 
18 72 77 43 
90 49 32 94 
96 41 99 40 
102 69 34 116 
73 65 75 71 
34 60 93 79 
79 56 68 63 
47 95 77 134 
70 45 66 75 
63 67 60 76 
282 38 62 74 
37 61 59 52 
88 71 41 60 
